# Bin     YDate                 ACM          ACN          Star         StarD        PL           PX           RB           Part         DebASAT      DebColl      Deb          Err          Total
18234           2006.91992           653.0        223.5          0.0          0.0       2107.5          8.0       1440.0       1163.0        360.0         18.0       5380.0          0.0      11353.0 2006 Dec  3 0000:00
 18235           2006.92266           652.9        223.5          0.0          0.0       2107.6          8.0       1440.0       1163.0        360.0         18.0       5405.0          0.0      11378.0 2006 Dec  4 0000:00
 18236           2006.92539           652.9        223.4          0.0          0.0       2107.7          8.0       1440.0       1163.0        360.0         18.0       5401.0          0.0      11374.0 2006 Dec  5 0000:00
 18237           2006.92813           652.8        223.4          0.0          0.0       2107.8          8.0       1440.0       1163.0        360.0         18.0       5401.0          0.0      11374.0 2006 Dec  6 0000:00
 18238           2006.93087           652.7        223.4          0.0          0.0       2107.9          8.0       1440.0       1163.0        360.0         18.0       5400.0          0.0      11373.0 2006 Dec  7 0000:00
 18239           2006.93361           652.7        223.4          0.0          0.0       2108.0          8.0       1440.0       1163.0        360.0         18.0       5400.0          0.0      11373.0 2006 Dec  8 0000:00
 18240           2006.93634           655.6        223.3          0.0          0.0       2108.1          8.0       1442.0       1165.0        360.0         18.0       5400.0          0.0      11380.0 2006 Dec  9 0000:00
 18241           2006.93908           655.5        223.3          0.0          0.0       2108.2          8.0       1441.0       1166.0        360.0         18.0       5400.0          0.0      11380.0 2006 Dec 10 0000:00
 18242           2006.94182           656.4        223.3          0.0          0.0       2108.3          8.0       1441.0       1165.0        360.0         18.0       5400.0          0.0      11380.0 2006 Dec 11 0000:00
 18243           2006.94456           656.3        223.3          0.0          0.0       2108.4          8.0       1442.0       1165.0        360.0         18.0       5400.0          0.0      11381.0 2006 Dec 12 0000:00
 18244           2006.94730           657.1        223.2          0.0          0.0       2108.6          8.0       1442.0       1166.0        360.0         18.0       5399.0          0.0      11382.0 2006 Dec 13 0000:00
 18245           2006.95003           656.7        223.2          0.0          0.0       2109.0          8.0       1441.0       1167.0        360.0         18.0       5397.0          0.0      11380.0 2006 Dec 14 0000:00
 18246           2006.95277           657.3        223.2          0.0          0.0       2109.5          8.0       1442.0       1167.0        360.0         18.0       5395.0          0.0      11380.0 2006 Dec 15 0000:00
 18247           2006.95551           656.6        223.2          0.0          0.0       2110.2          8.0       1442.0       1166.0        360.0         18.0       5388.0          0.0      11372.0 2006 Dec 16 0000:00
 18248           2006.95825           656.9        224.1          0.0          0.0       2111.0          8.0       1443.0       1166.0        360.0         18.0       5385.0          0.0      11372.0 2006 Dec 17 0000:00
 18249           2006.96099           656.4        224.1          0.0          0.0       2111.5          8.0       1442.0       1166.0        360.0         18.0       5385.0          0.0      11371.0 2006 Dec 18 0000:00
 18250           2006.96372           657.3        224.1          0.0          0.0       2111.7          8.0       1443.0       1166.0        360.0         18.0       5382.0          0.0      11370.0 2006 Dec 19 0000:00
 18251           2006.96646           658.1        224.1          0.0          0.0       2111.8          8.0       1444.0       1166.0        360.0         18.0       5374.0          0.0      11364.0 2006 Dec 20 0000:00
 18252           2006.96920           658.0        224.0          0.0          0.0       2112.0          8.0       1444.0       1166.0        360.0         18.0       5373.0          0.0      11363.0 2006 Dec 21 0000:00
 18253           2006.97194           657.8        229.0          0.0          0.0       2112.2          8.0       1444.0       1169.0        360.0         18.0       5370.0          0.0      11368.0 2006 Dec 22 0000:00
 18254           2006.97467           657.7        229.0          0.0          0.0       2111.4          8.0       1444.0       1169.0        360.0         18.0       5369.0          0.0      11366.0 2006 Dec 23 0000:00
 18255           2006.97741           657.5        228.5          0.0          0.0       2112.0          8.0       1443.0       1169.0        360.0         18.0       5367.0          0.0      11363.0 2006 Dec 24 0000:00
 18256           2006.98015           658.4        227.9          0.0          0.0       2112.6          8.0       1443.0       1169.0        360.0         18.0       5366.0          0.0      11363.0 2006 Dec 25 0000:00
 18257           2006.98289           658.4        227.9          0.0          0.0       2112.7          8.0       1445.0       1172.0        360.0         18.0       5365.0          0.0      11367.0 2006 Dec 26 0000:00
 18258           2006.98563           661.3        227.9          0.0          0.0       2112.8          8.0       1444.0       1171.0        360.0         18.0       5365.0          0.0      11368.0 2006 Dec 27 0000:00
 18259           2006.98836           661.2        228.9          0.0          0.0       2112.9          8.0       1445.0       1171.0        360.0         18.0       5365.0          0.0      11370.0 2006 Dec 28 0000:00
 18260           2006.99110           661.2        228.8          0.0          0.0       2113.0          8.0       1444.0       1171.0        360.0         18.0       5373.0          0.0      11377.0 2006 Dec 29 0000:00
 18261           2006.99384           661.1        228.8          0.0          0.0       2113.1          8.0       1444.0       1171.0        360.0         18.0       5373.0          0.0      11377.0 2006 Dec 30 0000:00
 18262           2006.99658           661.0        228.8          0.0          0.0       2113.2          8.0       1444.0       1171.0        360.0         18.0       5372.0          0.0      11376.0 2006 Dec 31 0000:00
 18263           2006.99932           660.9        228.8          0.0          0.0       2113.3          8.0       1444.0       1171.0        360.0         18.0       5368.0          0.0      11372.0 2007 Jan  1 0000:00
 18264           2007.00205           660.9        228.7          0.0          0.0       2113.4          8.0       1443.0       1171.0        360.0         18.0       5368.0          0.0      11371.0 2007 Jan  2 0000:00
 18265           2007.00479           660.9        228.7          0.0          0.0       2113.4          8.0       1443.0       1170.0        360.0         18.0       5368.0          0.0      11370.0 2007 Jan  3 0000:00
 18266           2007.00753           660.9        228.7          0.0          0.0       2113.5          8.0       1443.0       1170.0        360.0         18.0       5365.0          0.0      11367.0 2007 Jan  4 0000:00
 18267           2007.01027           660.8        228.7          0.0          0.0       2113.5          8.0       1442.0       1170.0        360.0         18.0       5365.0          0.0      11366.0 2007 Jan  5 0000:00
 18268           2007.01300           660.8        228.7          0.0          0.0       2113.5          8.0       1442.0       1170.0        360.0         18.0       5363.0          0.0      11364.0 2007 Jan  6 0000:00
 18269           2007.01574           660.8        228.6          0.0          0.0       2113.6          8.0       1441.0       1170.0        360.0         18.0       5361.0          0.0      11361.0 2007 Jan  7 0000:00
 18270           2007.01848           660.7        228.6          0.0          0.0       2113.6          8.0       1441.0       1170.0        360.0         18.0       5361.0          0.0      11361.0 2007 Jan  8 0000:00
 18271           2007.02122           660.7        228.6          0.0          0.0       2113.7          8.0       1440.0       1170.0        360.0         18.0       5358.0          0.0      11357.0 2007 Jan  9 0000:00
 18272           2007.02396           660.7        228.6          0.0          0.0       2113.7          8.0       1440.0       1170.0        360.0         18.0       5356.0          0.0      11355.0 2007 Jan 10 0000:00
 18273           2007.02669           661.6        231.6          0.0          0.0       2113.8          8.0       1441.0       1170.0        360.0         18.0       5355.0          0.0      11359.0 2007 Jan 11 0000:00
 18274           2007.02943           661.6        231.1          0.0          0.0       2114.3          8.0       1441.0       1170.0       3893.0         18.0       5354.0          0.0      14891.0 2007 Jan 12 0000:00
 18275           2007.03217           661.6        230.5          0.0          0.0       2114.9          8.0       1441.0       1170.0       3893.0         18.0       5354.0          0.0      14891.0 2007 Jan 13 0000:00
 18276           2007.03491           661.6        230.5          0.0          0.0       2114.9          8.0       1441.0       1170.0       3893.0         18.0       5354.0          0.0      14891.0 2007 Jan 14 0000:00
 18277           2007.03765           661.5        230.5          0.0          0.0       2115.0          8.0       1441.0       1170.0       3893.0         18.0       5354.0          0.0      14891.0 2007 Jan 15 0000:00
 18278           2007.04038           661.5        230.5          0.0          0.0       2115.0          8.0       1441.0       1170.0       3893.0         18.0       5353.0          0.0      14890.0 2007 Jan 16 0000:00
 18279           2007.04312           661.5        230.5          0.0          0.0       2115.1          8.0       1441.0       1170.0       3893.0         18.0       5352.0          0.0      14889.0 2007 Jan 17 0000:00
 18280           2007.04586           661.4        230.4          0.0          0.0       2114.1          8.0       1441.0       1170.0       3893.0         18.0       5351.0          0.0      14887.0 2007 Jan 18 0000:00
 18281           2007.04860           662.4        230.4          0.0          0.0       2114.2          8.0       1441.0       1170.0       3893.0         18.0       5351.0          0.0      14888.0 2007 Jan 19 0000:00
 18282           2007.05133           662.4        230.4          0.0          0.0       2114.2          8.0       1441.0       1170.0       3893.0         18.0       5350.0          0.0      14887.0 2007 Jan 20 0000:00
 18283           2007.05407           662.4        230.4          0.0          0.0       2114.3          8.0       1440.0       1170.0       3893.0         18.0       5350.0          0.0      14886.0 2007 Jan 21 0000:00
 18284           2007.05681           662.3        230.4          0.0          0.0       2114.3          8.0       1440.0       1170.0       3893.0         18.0       5350.0          0.0      14886.0 2007 Jan 22 0000:00
 18285           2007.05955           662.3        229.8          0.0          0.0       2113.9          8.0       1440.0       1170.0       3893.0         18.0       5350.0          0.0      14885.0 2007 Jan 23 0000:00
 18286           2007.06229           662.3        229.3          0.0          0.0       2114.4          8.0       1440.0       1170.0       3893.0         18.0       5350.0          0.0      14885.0 2007 Jan 24 0000:00
 18287           2007.06502           662.2        229.3          0.0          0.0       2114.5          8.0       1440.0       1170.0       3893.0         18.0       5350.0          0.0      14885.0 2007 Jan 25 0000:00
 18288           2007.06776           662.2        229.3          0.0          0.0       2114.5          8.0       1440.0       1170.0       3893.0         18.0       5350.0          0.0      14885.0 2007 Jan 26 0000:00
 18289           2007.07050           662.2        229.3          0.0          0.0       2114.6          8.0       1440.0       1170.0       3893.0         18.0       5350.0          0.0      14885.0 2007 Jan 27 0000:00
 18290           2007.07324           662.2        229.2          0.0          0.0       2114.6          8.0       1440.0       1170.0       3893.0         18.0       5350.0          0.0      14885.0 2007 Jan 28 0000:00
 18291           2007.07598           662.1        229.2          0.0          0.0       2114.7          8.0       1440.0       1170.0       3893.0         18.0       5349.0          0.0      14884.0 2007 Jan 29 0000:00
 18292           2007.07871           662.1        229.2          0.0          0.0       2114.7          8.0       1440.0       1170.0       3893.0         18.0       5348.0          0.0      14883.0 2007 Jan 30 0000:00
 18293           2007.08145           662.1        229.2          0.0          0.0       2114.7          8.0       1440.0       1169.0       3893.0         18.0       5348.0          0.0      14882.0 2007 Jan 31 0000:00
 18294           2007.08419           662.0        229.1          0.0          0.0       2114.8          8.0       1440.0       1169.0       3893.0         18.0       5347.0          0.0      14881.0 2007 Feb  1 0000:00
 18295           2007.08693           661.9        229.1          0.0          0.0       2114.9          8.0       1440.0       1169.0       3893.0         18.0       5347.0          0.0      14881.0 2007 Feb  2 0000:00
 18296           2007.08966           662.9        229.1          0.0          0.0       2115.0          8.0       1441.0       1170.0       3893.0         18.0       5386.0          0.0      14923.0 2007 Feb  3 0000:00
 18297           2007.09240           662.8        229.1          0.0          0.0       2115.1          8.0       1441.0       1170.0       3893.0         18.0       5386.0          0.0      14923.0 2007 Feb  4 0000:00
 18298           2007.09514           662.8        229.0          0.0          0.0       2115.2          8.0       1441.0       1170.0       3893.0         18.0       5386.0          0.0      14923.0 2007 Feb  5 0000:00
 18299           2007.09788           662.7        229.0          0.0          0.0       2115.3          8.0       1441.0       1170.0       3893.0         18.0       5386.0          0.0      14923.0 2007 Feb  6 0000:00
 18300           2007.10062           662.6        229.0          0.0          0.0       2115.4          8.0       1441.0       1170.0       3892.0         18.0       5386.0          0.0      14922.0 2007 Feb  7 0000:00
 18301           2007.10335           662.6        228.9          0.0          0.0       2115.5          8.0       1441.0       1169.0       3892.0         18.0       5386.0          0.0      14921.0 2007 Feb  8 0000:00
 18302           2007.10609           662.5        228.9          0.0          0.0       2115.6          8.0       1441.0       1171.0       3892.0         18.0       5388.0          0.0      14925.0 2007 Feb  9 0000:00
 18303           2007.10883           662.4        228.9          0.0          0.0       2115.7          8.0       1441.0       1170.0       3892.0         18.0       5388.0          0.0      14924.0 2007 Feb 10 0000:00
 18304           2007.11157           662.4        228.8          0.0          0.0       2115.8          8.0       1441.0       1170.0       3892.0         18.0       5387.0          0.0      14923.0 2007 Feb 11 0000:00
 18305           2007.11431           662.3        228.8          0.0          0.0       2115.9          8.0       1441.0       1170.0       3892.0         18.0       5387.0          0.0      14923.0 2007 Feb 12 0000:00
 18306           2007.11704           662.2        228.8          0.0          0.0       2116.0          8.0       1441.0       1170.0       3892.0         18.0       5387.0          0.0      14923.0 2007 Feb 13 0000:00
 18307           2007.11978           662.2        228.7          0.0          0.0       2116.1          8.0       1441.0       1170.0       3892.0         18.0       5387.0          0.0      14923.0 2007 Feb 14 0000:00
 18308           2007.12252           662.1        228.7          0.0          0.0       2116.2          8.0       1441.0       1170.0       3892.0         18.0       5393.0          0.0      14929.0 2007 Feb 15 0000:00
 18309           2007.12526           662.1        228.7          0.0          0.0       2116.3          8.0       1441.0       1170.0       3892.0         18.0       5393.0          0.0      14929.0 2007 Feb 16 0000:00
 18310           2007.12799           662.0        228.7          0.0          0.0       2116.4          8.0       1441.0       1170.0       3892.0         18.0       5393.0          0.0      14929.0 2007 Feb 17 0000:00
 18311           2007.13073           661.9        228.6          0.0          0.0       2116.4          8.0       1442.0       1170.0       3892.0         18.0       5393.0          0.0      14930.0 2007 Feb 18 0000:00
 18312           2007.13347           666.9        228.6          0.0          0.0       2116.5          8.0       1443.0       1170.0       3892.0         18.0       5483.0          0.0      15026.0 2007 Feb 19 0000:00
 18313           2007.13621           666.8        228.6          0.0          0.0       2116.6          8.0       1443.0       1170.0       3892.0         18.0       5589.0          0.0      15132.0 2007 Feb 20 0000:00
 18314           2007.13895           666.2        228.5          0.0          0.0       2117.2          8.0       1443.0       1170.0       3892.0         18.0       5589.0          0.0      15132.0 2007 Feb 21 0000:00
 18315           2007.14168           665.7        228.5          0.0          0.0       2117.8          8.0       1443.0       1170.0       3892.0         18.0       5589.0          0.0      15132.0 2007 Feb 22 0000:00
 18316           2007.14442           665.1        228.5          0.0          0.0       2118.4          8.0       1443.0       1171.0       3892.0         18.0       5589.0          0.0      15133.0 2007 Feb 23 0000:00
 18317           2007.14716           664.5        228.4          0.0          0.0       2119.0          8.0       1443.0       1171.0       3892.0         18.0       5589.0          0.0      15133.0 2007 Feb 24 0000:00
 18318           2007.14990           666.5        228.4          0.0          0.0       2119.1          8.0       1444.0       1174.0       3892.0         18.0       5597.0          0.0      15147.0 2007 Feb 25 0000:00
 18319           2007.15264           666.4        228.4          0.0          0.0       2119.2          8.0       1444.0       1174.0       3892.0         18.0       5597.0          0.0      15147.0 2007 Feb 26 0000:00
 18320           2007.15537           666.4        228.3          0.0          0.0       2119.3          8.0       1444.0       1174.0       3892.0         18.0       5597.0          0.0      15147.0 2007 Feb 27 0000:00
 18321           2007.15811           666.3        228.3          0.0          0.0       2119.4          8.0       1444.0       1174.0       3892.0         18.0       5597.0          0.0      15147.0 2007 Feb 28 0000:00
 18322           2007.16085           666.2        228.3          0.0          0.0       2119.5          8.0       1444.0       1174.0       3892.0         18.0       5598.0          0.0      15148.0 2007 Mar  1 0000:00
 18323           2007.16359           665.6        228.2          0.0          0.0       2120.2          8.0       1444.0       1174.0       3892.0         18.0       5598.0          0.0      15148.0 2007 Mar  2 0000:00
 18324           2007.16632           665.1        228.1          0.0          0.0       2120.8          8.0       1444.0       1174.0       3892.0         18.0       5597.0          0.0      15147.0 2007 Mar  3 0000:00
 18325           2007.16906           665.0        228.1          0.0          0.0       2120.9          8.0       1444.0       1174.0       3892.0         18.0       5597.0          0.0      15147.0 2007 Mar  4 0000:00
 18326           2007.17180           665.0        228.0          0.0          0.0       2121.0          8.0       1444.0       1174.0       3892.0         18.0       5597.0          0.0      15147.0 2007 Mar  5 0000:00
 18327           2007.17454           664.9        227.9          0.0          0.0       2121.2          8.0       1444.0       1174.0       3892.0         18.0       5597.0          0.0      15147.0 2007 Mar  6 0000:00
 18328           2007.17728           664.8        227.9          0.0          0.0       2121.3          8.0       1444.0       1174.0       3892.0         18.0       5596.0          0.0      15146.0 2007 Mar  7 0000:00
 18329           2007.18001           664.8        227.8          0.0          0.0       2121.4          8.0       1444.0       1174.0       3892.0         18.0       5595.0          0.0      15145.0 2007 Mar  8 0000:00
 18330           2007.18275           664.7        227.8          0.0          0.0       2120.5          8.0       1444.0       1174.0       3892.0         18.0       5594.0          0.0      15143.0 2007 Mar  9 0000:00
 18331           2007.18549           664.7        232.7          0.0          0.0       2120.7          8.0       1445.0       1173.0       3892.0         18.0       5594.0          0.0      15148.0 2007 Mar 10 0000:00
 18332           2007.18823           664.6        232.6          0.0          0.0       2119.8          8.0       1445.0       1172.0       3892.0         18.0       5593.0          0.0      15145.0 2007 Mar 11 0000:00
 18333           2007.19097           666.5        232.6          0.0          0.0       2119.9          8.0       1446.0       1173.0       3892.0         18.0       5593.0          0.0      15149.0 2007 Mar 12 0000:00
 18334           2007.19370           666.5        232.5          0.0          0.0       2120.0          8.0       1446.0       1173.0       3892.0         18.0       5593.0          0.0      15149.0 2007 Mar 13 0000:00
 18335           2007.19644           666.4        232.4          0.0          0.0       2120.1          8.0       1446.0       1173.0       3892.0         18.0       5593.0          0.0      15149.0 2007 Mar 14 0000:00
 18336           2007.19918           665.9        232.4          0.0          0.0       2120.8          8.0       1446.0       1173.0       3892.0         18.0       5592.0          0.0      15148.0 2007 Mar 15 0000:00
 18337           2007.20192           665.3        232.3          0.0          0.0       2121.4          8.0       1446.0       1173.0       3892.0         18.0       5592.0          0.0      15148.0 2007 Mar 16 0000:00
 18338           2007.20465           665.2        232.3          0.0          0.0       2121.5          8.0       1446.0       1173.0       3892.0         18.0       5592.0          0.0      15148.0 2007 Mar 17 0000:00
 18339           2007.20739           665.2        232.2          0.0          0.0       2121.6          8.0       1446.0       1173.0       3892.0         18.0       5592.0          0.0      15148.0 2007 Mar 18 0000:00
 18340           2007.21013           665.1        232.1          0.0          0.0       2121.8          8.0       1446.0       1173.0       3892.0         18.0       5592.0          0.0      15148.0 2007 Mar 19 0000:00
 18341           2007.21287           665.1        232.1          0.0          0.0       2121.9          8.0       1445.0       1173.0       3892.0         18.0       5592.0          0.0      15147.0 2007 Mar 20 0000:00
 18342           2007.21561           665.0        232.0          0.0          0.0       2122.0          8.0       1445.0       1173.0       3892.0         18.0       5592.0          0.0      15147.0 2007 Mar 21 0000:00
 18343           2007.21834           664.9        231.9          0.0          0.0       2122.1          8.0       1445.0       1173.0       3892.0         18.0       5591.0          0.0      15146.0 2007 Mar 22 0000:00
 18344           2007.22108           664.9        231.9          0.0          0.0       2122.2          8.0       1445.0       1173.0       3892.0         18.0       5591.0          0.0      15146.0 2007 Mar 23 0000:00
 18345           2007.22382           664.8        231.8          0.0          0.0       2122.4          8.0       1445.0       1173.0       3891.0         18.0       5591.0          0.0      15145.0 2007 Mar 24 0000:00
 18346           2007.22656           664.8        231.8          0.0          0.0       2122.5          8.0       1445.0       1173.0       3891.0         18.0       5591.0          0.0      15145.0 2007 Mar 25 0000:00
 18347           2007.22930           664.2        231.7          0.0          0.0       2123.1          8.0       1445.0       1173.0       3891.0         18.0       5591.0          0.0      15145.0 2007 Mar 26 0000:00
 18348           2007.23203           663.6        231.6          0.0          0.0       2123.7          8.0       1445.0       1173.0       3891.0         17.0       5591.0          0.0      15144.0 2007 Mar 27 0000:00
 18349           2007.23477           663.6        231.6          0.0          0.0       2123.9          8.0       1445.0       1173.0       3891.0         17.0       5591.0          0.0      15144.0 2007 Mar 28 0000:00
 18350           2007.23751           663.5        231.5          0.0          0.0       2123.0          8.0       1445.0       1173.0       3891.0         17.0       5591.0          0.0      15143.0 2007 Mar 29 0000:00
 18351           2007.24025           663.5        231.5          0.0          0.0       2123.1          8.0       1445.0       1173.0       3891.0         17.0       5591.0          0.0      15143.0 2007 Mar 30 0000:00
 18352           2007.24298           663.4        231.4          0.0          0.0       2123.2          8.0       1445.0       1173.0       3890.0         17.0       5591.0          0.0      15142.0 2007 Mar 31 0000:00
 18353           2007.24572           663.3        231.3          0.0          0.0       2123.3          8.0       1445.0       1179.0       3890.0         17.0       5597.0          0.0      15154.0 2007 Apr  1 0000:00
 18354           2007.24846           663.3        230.8          0.0          0.0       2123.9          8.0       1445.0       1179.0       3890.0         17.0       5597.0          0.0      15154.0 2007 Apr  2 0000:00
 18355           2007.25120           663.3        230.3          0.0          0.0       2124.4          8.0       1445.0       1179.0       3889.0         17.0       5597.0          0.0      15153.0 2007 Apr  3 0000:00
 18356           2007.25394           663.3        230.2          0.0          0.0       2124.5          8.0       1445.0       1179.0       3889.0         17.0       5597.0          0.0      15153.0 2007 Apr  4 0000:00
 18357           2007.25667           663.3        230.2          0.0          0.0       2124.5          8.0       1445.0       1179.0       3889.0         17.0       5597.0          0.0      15153.0 2007 Apr  5 0000:00
 18358           2007.25941           663.2        230.2          0.0          0.0       2124.6          8.0       1445.0       1179.0       3888.0         17.0       5597.0          0.0      15152.0 2007 Apr  6 0000:00
 18359           2007.26215           663.2        230.1          0.0          0.0       2124.7          8.0       1445.0       1179.0       3888.0         17.0       5597.0          0.0      15152.0 2007 Apr  7 0000:00
 18360           2007.26489           664.2        230.1          0.0          0.0       2124.7          8.0       1446.0       1179.0       3888.0         17.0       5597.0          0.0      15154.0 2007 Apr  8 0000:00
 18361           2007.26762           664.2        230.1          0.0          0.0       2124.8          8.0       1446.0       1179.0       3888.0         17.0       5597.0          0.0      15154.0 2007 Apr  9 0000:00
 18362           2007.27036           664.1        230.0          0.0          0.0       2124.8          8.0       1447.0       1179.0       3888.0         17.0       5597.0          0.0      15155.0 2007 Apr 10 0000:00
 18363           2007.27310           665.1        230.0          0.0          0.0       2124.9          8.0       1447.0       1180.0       3888.0         17.0       5597.0          0.0      15157.0 2007 Apr 11 0000:00
 18364           2007.27584           666.1        230.0          0.0          0.0       2124.9          8.0       1447.0       1180.0       3888.0         17.0       5597.0          0.0      15158.0 2007 Apr 12 0000:00
 18365           2007.27858           666.1        230.0          0.0          0.0       2125.0          8.0       1447.0       1180.0       3888.0         17.0       5596.0          0.0      15157.0 2007 Apr 13 0000:00
 18366           2007.28131           667.0        229.9          0.0          0.0       2125.1          8.0       1448.0       1180.0       3888.0         17.0       5594.0          0.0      15157.0 2007 Apr 14 0000:00
 18367           2007.28405           667.0        229.9          0.0          0.0       2125.1          8.0       1448.0       1180.0       3888.0         17.0       5594.0          0.0      15157.0 2007 Apr 15 0000:00
 18368           2007.28679           667.0        229.9          0.0          0.0       2125.2          8.0       1448.0       1180.0       3887.0         17.0       5594.0          0.0      15156.0 2007 Apr 16 0000:00
 18369           2007.28953           665.9        229.8          0.0          0.0       2126.2          8.0       1448.0       1180.0       3887.0         17.0       5592.0          0.0      15154.0 2007 Apr 17 0000:00
 18370           2007.29227           665.9        242.8          0.0          0.0       2127.3          8.0       1449.0       1182.0       3887.0         17.0       5592.0          0.0      15171.0 2007 Apr 18 0000:00
 18371           2007.29500           665.9        242.3          0.0          0.0       2127.8          8.0       1449.0       1181.0       3887.0         17.0       5592.0          0.0      15170.0 2007 Apr 19 0000:00
 18372           2007.29774           665.4        241.7          0.0          0.0       2128.9          8.0       1449.0       1181.0       3887.0         17.0       5592.0          0.0      15170.0 2007 Apr 20 0000:00
 18373           2007.30048           664.8        241.7          0.0          0.0       2129.5          8.0       1449.0       1181.0       3887.0         17.0       5592.0          0.0      15170.0 2007 Apr 21 0000:00
 18374           2007.30322           664.8        241.7          0.0          0.0       2128.5          8.0       1449.0       1180.0       3887.0         17.0       5592.0          0.0      15168.0 2007 Apr 22 0000:00
 18375           2007.30595           664.8        241.6          0.0          0.0       2128.6          8.0       1449.0       1180.0       3887.0         17.0       5592.0          0.0      15168.0 2007 Apr 23 0000:00
 18376           2007.30869           664.8        242.6          0.0          0.0       2128.6          8.0       1450.0       1180.0       3887.0         17.0       5592.0          0.0      15170.0 2007 Apr 24 0000:00
 18377           2007.31143           665.7        242.6          0.0          0.0       2128.7          8.0       1451.0       1179.0       3887.0         17.0       5592.0          0.0      15171.0 2007 Apr 25 0000:00
 18378           2007.31417           665.7        243.6          0.0          0.0       2128.7          8.0       1452.0       1179.0       3887.0         17.0       5592.0          0.0      15173.0 2007 Apr 26 0000:00
 18379           2007.31691           665.7        243.5          0.0          0.0       2128.8          8.0       1452.0       1179.0       3887.0         17.0       5591.0          0.0      15172.0 2007 Apr 27 0000:00
 18380           2007.31964           665.7        243.5          0.0          0.0       2128.8          8.0       1452.0       1179.0       3887.0         17.0       5590.0          0.0      15171.0 2007 Apr 28 0000:00
 18381           2007.32238           665.6        243.5          0.0          0.0       2128.9          8.0       1452.0       1179.0       3886.0         17.0       5590.0          0.0      15170.0 2007 Apr 29 0000:00
 18382           2007.32512           665.6        243.4          0.0          0.0       2129.0          8.0       1452.0       1178.0       3886.0         17.0       5590.0          0.0      15169.0 2007 Apr 30 0000:00
 18383           2007.32786           665.6        243.4          0.0          0.0       2129.0          8.0       1452.0       1178.0       3886.0         17.0       5594.0          0.0      15173.0 2007 May  1 0000:00
 18384           2007.33060           665.5        243.4          0.0          0.0       2129.1          8.0       1452.0       1178.0       3886.0         17.0       5594.0          0.0      15173.0 2007 May  2 0000:00
 18385           2007.33333           665.5        243.3          0.0          0.0       2129.2          8.0       1452.0       1178.0       3886.0         17.0       5593.0          0.0      15172.0 2007 May  3 0000:00
 18386           2007.33607           665.4        243.3          0.0          0.0       2129.3          8.0       1452.0       1178.0       3885.0         17.0       5593.0          0.0      15171.0 2007 May  4 0000:00
 18387           2007.33881           667.4        243.3          0.0          0.0       2129.3          8.0       1453.0       1178.0       3885.0         17.0       5593.0          0.0      15174.0 2007 May  5 0000:00
 18388           2007.34155           667.3        243.2          0.0          0.0       2129.4          8.0       1453.0       1178.0       3885.0         17.0       5593.0          0.0      15174.0 2007 May  6 0000:00
 18389           2007.34428           668.3        242.7          0.0          0.0       2129.0          8.0       1452.0       1178.0       3884.0         17.0       5593.0          0.0      15172.0 2007 May  7 0000:00
 18390           2007.34702           668.3        242.2          0.0          0.0       2129.6          8.0       1452.0       1178.0       3884.0         17.0       5593.0          0.0      15172.0 2007 May  8 0000:00
 18391           2007.34976           668.2        242.1          0.0          0.0       2129.6          8.0       1452.0       1178.0       3884.0         17.0       5593.0          0.0      15172.0 2007 May  9 0000:00
 18392           2007.35250           668.2        242.1          0.0          0.0       2129.7          8.0       1452.0       1178.0       3884.0         17.0       5593.0          0.0      15172.0 2007 May 10 0000:00
 18393           2007.35524           667.6        242.1          0.0          0.0       2130.3          8.0       1452.0       1178.0       3884.0         17.0       5593.0          0.0      15172.0 2007 May 11 0000:00
 18394           2007.35797           667.1        242.1          0.0          0.0       2130.9          8.0       1452.0       1178.0       3884.0         17.0       5593.0          0.0      15172.0 2007 May 12 0000:00
 18395           2007.36071           668.0        242.0          0.0          0.0       2130.9          8.0       1453.0       1178.0       3884.0         17.0       5593.0          0.0      15174.0 2007 May 13 0000:00
 18396           2007.36345           669.0        242.0          0.0          0.0       2131.0          8.0       1454.0       1178.0       3884.0         17.0       5593.0          0.0      15176.0 2007 May 14 0000:00
 18397           2007.36619           668.9        241.5          0.0          0.0       2131.6          8.0       1454.0       1178.0       3884.0         17.0       5593.0          0.0      15176.0 2007 May 15 0000:00
 18398           2007.36893           668.9        240.9          0.0          0.0       2132.2          8.0       1453.0       1178.0       3884.0         17.0       5593.0          0.0      15175.0 2007 May 16 0000:00
 18399           2007.37166           668.8        240.9          0.0          0.0       2132.3          8.0       1453.0       1178.0       3884.0         17.0       5593.0          0.0      15175.0 2007 May 17 0000:00
 18400           2007.37440           668.8        240.9          0.0          0.0       2132.3          8.0       1453.0       1178.0       3884.0         17.0       5593.0          0.0      15175.0 2007 May 18 0000:00
 18401           2007.37714           668.7        240.8          0.0          0.0       2132.4          8.0       1453.0       1178.0       3884.0         17.0       5593.0          0.0      15175.0 2007 May 19 0000:00
 18402           2007.37988           668.7        240.8          0.0          0.0       2132.5          8.0       1453.0       1178.0       3884.0         17.0       5592.0          0.0      15174.0 2007 May 20 0000:00
 18403           2007.38261           668.6        240.8          0.0          0.0       2132.6          8.0       1453.0       1178.0       3884.0         17.0       5592.0          0.0      15174.0 2007 May 21 0000:00
 18404           2007.38535           668.1        240.3          0.0          0.0       2133.7          8.0       1453.0       1178.0       3884.0         17.0       5592.0          0.0      15174.0 2007 May 22 0000:00
 18405           2007.38809           667.5        239.7          0.0          0.0       2134.8          8.0       1453.0       1178.0       3884.0         17.0       5592.0          0.0      15174.0 2007 May 23 0000:00
 18406           2007.39083           667.5        239.2          0.0          0.0       2135.3          8.0       1453.0       1178.0       3883.0         17.0       5592.0          0.0      15173.0 2007 May 24 0000:00
 18407           2007.39357           667.4        238.7          0.0          0.0       2135.9          8.0       1453.0       1178.0       3883.0         17.0       5594.0          0.0      15175.0 2007 May 25 0000:00
 18408           2007.39630           668.4        238.6          0.0          0.0       2136.0          8.0       1453.0       1180.0       3882.0         17.0       5594.0          0.0      15177.0 2007 May 26 0000:00
 18409           2007.39904           668.3        238.6          0.0          0.0       2136.1          8.0       1453.0       1180.0       3882.0         17.0       5594.0          0.0      15177.0 2007 May 27 0000:00
 18410           2007.40178           668.3        238.6          0.0          0.0       2135.2          8.0       1453.0       1180.0       3882.0         17.0       5594.0          0.0      15176.0 2007 May 28 0000:00
 18411           2007.40452           668.2        238.5          0.0          0.0       2135.2          8.0       1453.0       1180.0       3882.0         17.0       5593.0          0.0      15175.0 2007 May 29 0000:00
 18412           2007.40726           672.2        238.5          0.0          0.0       2135.3          8.0       1454.0       1181.0       3882.0         17.0       5593.0          0.0      15181.0 2007 May 30 0000:00
 18413           2007.40999           671.6        238.0          0.0          0.0       2135.4          8.0       1454.0       1181.0       3881.0         17.0       5593.0          0.0      15179.0 2007 May 31 0000:00
 18414           2007.41273           671.6        237.4          0.0          0.0       2137.0          8.0       1455.0       1181.0       3881.0         17.0       5593.0          0.0      15181.0 2007 Jun  1 0000:00
 18415           2007.41547           671.0        237.4          0.0          0.0       2137.6          8.0       1455.0       1181.0       3881.0         17.0       5593.0          0.0      15181.0 2007 Jun  2 0000:00
 18416           2007.41821           671.0        237.4          0.0          0.0       2137.7          8.0       1455.0       1181.0       3881.0         17.0       5593.0          0.0      15181.0 2007 Jun  3 0000:00
 18417           2007.42094           670.9        237.4          0.0          0.0       2137.7          8.0       1454.0       1181.0       3881.0         17.0       5593.0          0.0      15180.0 2007 Jun  4 0000:00
 18418           2007.42368           670.9        237.3          0.0          0.0       2137.8          8.0       1454.0       1181.0       3881.0         17.0       5593.0          0.0      15180.0 2007 Jun  5 0000:00
 18419           2007.42642           670.8        237.3          0.0          0.0       2137.9          8.0       1454.0       1181.0       3881.0         17.0       5593.0          0.0      15180.0 2007 Jun  6 0000:00
 18420           2007.42916           670.7        237.3          0.0          0.0       2138.0          8.0       1454.0       1181.0       3881.0         17.0       5593.0          0.0      15180.0 2007 Jun  7 0000:00
 18421           2007.43190           671.7        237.2          0.0          0.0       2138.1          8.0       1455.0       1182.0       3881.0         17.0       5593.0          0.0      15183.0 2007 Jun  8 0000:00
 18422           2007.43463           672.6        238.2          0.0          0.0       2138.2          8.0       1456.0       1182.0       3881.0         17.0       5593.0          0.0      15186.0 2007 Jun  9 0000:00
 18423           2007.43737           672.6        238.2          0.0          0.0       2138.2          8.0       1456.0       1181.0       3881.0         17.0       5593.0          0.0      15185.0 2007 Jun 10 0000:00
 18424           2007.44011           673.5        238.1          0.0          0.0       2138.4          8.0       1457.0       1180.0       3881.0         17.0       5593.0          0.0      15186.0 2007 Jun 11 0000:00
 18425           2007.44285           673.3        238.1          0.0          0.0       2138.5          8.0       1457.0       1185.0       3881.0         17.0       5593.0          0.0      15191.0 2007 Jun 12 0000:00
 18426           2007.44559           673.2        238.1          0.0          0.0       2138.7          8.0       1457.0       1185.0       3881.0         17.0       5593.0          0.0      15191.0 2007 Jun 13 0000:00
 18427           2007.44832           673.1        238.1          0.0          0.0       2138.9          8.0       1456.0       1185.0       3881.0         17.0       5593.0          0.0      15190.0 2007 Jun 14 0000:00
 18428           2007.45106           673.0        238.0          0.0          0.0       2139.0          8.0       1456.0       1185.0       3881.0         17.0       5591.0          0.0      15188.0 2007 Jun 15 0000:00
 18429           2007.45380           675.4        238.0          0.0          0.0       2138.7          8.0       1458.0       1186.0       3881.0         17.0       5591.0          0.0      15193.0 2007 Jun 16 0000:00
 18430           2007.45654           674.7        238.0          0.0          0.0       2139.3          8.0       1458.0       1186.0       3881.0         17.0       5591.0          0.0      15193.0 2007 Jun 17 0000:00
 18431           2007.45927           674.6        237.9          0.0          0.0       2139.5          8.0       1458.0       1186.0       3881.0         17.0       5591.0          0.0      15193.0 2007 Jun 18 0000:00
 18432           2007.46201           674.5        237.9          0.0          0.0       2139.6          8.0       1458.0       1186.0       3881.0         17.0       5591.0          0.0      15193.0 2007 Jun 19 0000:00
 18433           2007.46475           674.4        237.9          0.0          0.0       2139.8          8.0       1458.0       1186.0       3881.0         17.0       5591.0          0.0      15193.0 2007 Jun 20 0000:00
 18434           2007.46749           674.2        237.8          0.0          0.0       2139.9          8.0       1458.0       1183.0       3881.0         17.0       5591.0          0.0      15190.0 2007 Jun 21 0000:00
 18435           2007.47023           674.1        237.8          0.0          0.0       2140.1          8.0       1458.0       1183.0       3881.0         17.0       5591.0          0.0      15190.0 2007 Jun 22 0000:00
 18436           2007.47296           673.5        237.8          0.0          0.0       2139.7          8.0       1458.0       1182.0       3881.0         17.0       5590.0          0.0      15187.0 2007 Jun 23 0000:00
 18437           2007.47570           672.9        237.7          0.0          0.0       2140.4          8.0       1458.0       1180.0       3881.0         17.0       5590.0          0.0      15185.0 2007 Jun 24 0000:00
 18438           2007.47844           672.8        237.7          0.0          0.0       2140.5          8.0       1458.0       1180.0       3881.0         17.0       5590.0          0.0      15185.0 2007 Jun 25 0000:00
 18439           2007.48118           672.8        237.7          0.0          0.0       2140.6          8.0       1458.0       1180.0       3881.0         17.0       5590.0          0.0      15185.0 2007 Jun 26 0000:00
 18440           2007.48392           672.7        237.7          0.0          0.0       2140.6          8.0       1458.0       1180.0       3881.0         17.0       5590.0          0.0      15185.0 2007 Jun 27 0000:00
 18441           2007.48665           672.7        237.6          0.0          0.0       2140.7          8.0       1458.0       1179.0       3881.0         17.0       5590.0          0.0      15184.0 2007 Jun 28 0000:00
 18442           2007.48939           672.6        238.6          0.0          0.0       2140.8          8.0       1459.0       1180.0       3881.0         17.0       5590.0          0.0      15187.0 2007 Jun 29 0000:00
 18443           2007.49213           672.6        239.6          0.0          0.0       2140.9          8.0       1460.0       1184.0       3881.0         17.0       5589.0          0.0      15192.0 2007 Jun 30 0000:00